6.255352
6.0981
6.028132
5.716689
5.621016
6.149964
5.921047
4.955341
5.501926
6.998197
6.329205
6.378738
5.377054
6.191522
5.832381
6.822435
5.483712
5.258853
5.985593
5.988442
5.550048
6.304572
5.728624
6.590025
4.907278
5.628728
5.072207
6.3996
6.019855
5.731162
5.022157
5.334092
5.952288
6.363428
5.640076
6.523296
6.476074
6.191805
5.524549
6.543883
5.866386
5.920963
5.824077
5.507689
5.39154
6.537996
5.65183
6.320842
5.946501
5.625857
5.779855
5.958901
6.006466
5.972316
5.901216
5.726491
5.294386
5.575671
6.123019
5.789909
4.538089
6.320047
5.327483
6.320169
5.589168
5.376121
5.396995
5.462
6.203737
5.46913
5.107387
5.701627
5.377911
6.120114
5.621642
5.457199
5.316738
5.132557
5.474409
6.482136
5.796381
5.231463
5.541437
6.350395
6.378336
5.966443
4.579481
5.385668
6.848637
5.38632
5.522011
6.739512
5.567967
6.633614
6.032857
5.531381
6.09664
6.240198
6.101009
5.762239
5.738423
6.432369
4.988878
6.337685
5.206327
5.529372
6.413142
5.639949
6.5279
5.645475
6.306913
5.841729
6.069317
4.850473
5.99561
5.396077
5.767869
5.484759
6.341616
5.49943
5.789557
6.18952
6.755831
5.974485
5.741364
6.105323
5.818612
6.043567
6.408338
5.5054
6.063642
5.884236
6.763188
6.062536
5.616971
5.392228
6.229246
5.404716
6.183997
5.823976
5.187893
6.506003
5.962656
5.732654
5.123921
5.357718
5.821527
5.029334
5.205948
5.78951
5.92198
5.477199
5.382697
5.701627
6.213166
6.297891
5.68705
5.577499
5.374873
5.671964
5.584601
6.868141
5.107102
5.96787
4.399308
4.71851
5.347868
5.803507
5.861901
5.607098
5.696091
6.455329
5.569263
4.960622
5.374644
6.253982
5.088506
5.88217
5.661473
6.151435
6.028132
5.964408
6.093821
5.422201
6.182393
5.317096
5.343995
6.151233
6.930626
5.562259
5.699161
6.269875
5.454379
6.34108
5.808544
6.252306
5.491354
5.793375
6.253997
6.253997
5.302708
5.37298
5.756558
6.10518
6.668193
5.369268
6.257195
5.577238
5.628208
5.369938
6.251779
6.490602
6.578753
4.936514
6.635012
6.235797
6.122597
5.386351
6.1419
6.314477
5.873607
6.894455
5.573355
5.83635
5.602373
5.699974
6.244236
5.567381
5.005285
5.590611
5.474816
5.751777
6.926347
5.803125
5.090448
5.993467
6.290667
5.384087
5.014685
5.201749
6.339059
5.920746
5.841877
6.026264
5.105418
5.162286
5.498715
5.142483
6.500207
5.394823
5.658812
5.518866
6.471947
6.159024
6.763007
5.647894
6.239112
5.757973
5.476108
6.291997
5.764764
5.680744
6.766846
5.599021
6.014011
5.798468
5.461279
6.111824
6.017654
5.132343
5.398289
6.092599
6.692044
5.493043
5.782757
5.331544
6.003802
5.606168
5.812928
6.675172
5.908772
5.581229
6.765831
5.398681
5.531748
4.830625
5.530592
5.613691
6.322288
5.637962
4.616534
6.528534
6.399271
5.543622
5.395972
5.581947
5.83028
5.570955
5.632637
5.968576
5.582042
5.768579
6.699645
6.203591
6.439195
5.339738
6.345423
5.165625
5.832446
6.295245
5.723278
5.625857
5.104435
6.523349
6.073825
6.239439
6.327104
5.109529
6.325842
5.496389
6.03476
6.76085
5.343804
6.148701
6.550371
5.984174
5.079874
5.154347
5.724948
5.418735
6.352685
6.028591
6.28211
6.312602
6.700877
5.736685
6.648458
5.644815
5.504422
6.305642
4.229877
5.380604
5.817645
5.893644
5.875778
5.48071
6.624763
5.519311
5.969964
6.03476
5.266753
6.116523
5.171438
5.138319
5.586257
6.12268
6.590896
5.664776
5.948432
5.67777
6.371493
6.759215
6.915018
5.883549
5.924733
5.767869
5.646287
5.826949
5.840361
5.681753
6.005936
5.284592
6.979757
6.195539
6.705044
6.161271
5.817999
5.760692
7.417661
5.929021
6.562443
5.626294
6.348229
6.438111
6.237263
6.174842
5.612069
6.088883
6.90535
4.89316
6.035266
6.040769
5.000863
6.024815
5.671699
6.024408
5.65287
6.670316
5.701496
5.188011
6.485295
5.106721
4.64125
5.584484
6.459406
5.250671
5.89085
5.392671
6.656311
5.959536
6.54512
6.956288
6.47759
5.591781
5.377054
6.136804
5.472584
5.821119
6.202289
6.026325
5.65287
5.498203
5.376817
5.953697
5.798119
4.732748
5.320991
5.666179
6.289868
4.496216
6.296126
5.330289
5.315525
5.785843
5.236251
5.669562
5.437006
5.779855
6.044974
6.307124
6.423776
5.781021
6.180846
5.634967
6.588936
5.98466
6.0045
5.348144
5.73536
4.919744
6.283398
6.531084
5.293168
5.171438
5.900359
5.938129
6.680623
5.012793
5.792
5.8502
6.675511
5.981794
5.037593
6.540305
5.789827
5.234461
6.160267
6.221509
5.78951
5.761364
5.656248
5.274013
5.010086
5.838068
5.805899
5.825037
5.709381
4.882248
5.096229
4.694134
5.701496
5.900359
5.830432
6.106533
6.755831
5.753791
6.165508
4.845186
6.446206
6.723876
6.332551
5.764367
5.55855
6.212843
6.482629
6.217473
5.526985
5.956726
5.144274
6.161051
5.495847
5.135371
5.209424
5.666469
5.017724
4.423539
5.076958
6.31645
5.415757
5.366258
5.209511
5.72009
6.604739
5.919815
6.513622
5.385013
5.281005
5.55253
6.234912
5.980299
6.363823
5.781241
5.586448
6.403611
6.079368
6.175197
4.774968
5.945806
5.087833
5.603358
5.697135
6.080583
5.473325
5.865768
5.512288
6.032588
5.860591
4.911271
6.540305
6.297436
4.876693
5.689886
5.949462
6.127564
6.487132
5.591781
6.589506
5.26333
5.004682
5.688524
5.360993
5.493014
4.77335
5.726934
6.318652
6.086632
5.766444
6.066031
5.943955
5.782557
6.043122
5.550048
5.84304
6.018932
4.561918
5.903109
5.745313
5.52924
6.056291
5.547868
5.945969
5.775717
5.00855
5.562803
5.527501
4.736791
5.380874
5.262267
6.572461
6.088883
5.177556
5.637962
6.106902
5.488613
6.449836
5.712723
6.380072
5.050838
5.494975
6.347891
6.918056
4.946004
5.490157
6.236415
6.084419
5.696005
6.81218
6.313586
6.051087
5.540168
5.995018
5.354076
5.156353
6.42686
5.586034
6.241208
6.082893
6.4398
5.970658
6.568854
5.239716
5.781683
5.431109
4.778688
5.470068
5.1681
5.073425
5.293168
6.748396
5.999537
5.168728
5.727983
5.615397
6.21884
5.905684
6.424825
6.622294
5.236251
5.780663
4.98779
5.331531
6.386627
5.751094
5.983078
5.65299
6.229153
5.820045
6.319329
5.155772
6.281135
4.929831
6.383802
5.660862
5.912101
5.746276
6.203604
5.760806
5.000863
6.049106
5.691552
6.223531
5.204421
5.246245
6.185814
5.866156
5.738733
5.88958
6.431113
5.123678
6.683058
6.871841
6.03019
6.146092
6.198248
5.978002
6.577141
5.813039
5.817999
5.698085
5.524269
5.680785
6.090534
5.460064
6.269271
5.902912
5.906748
6.440433
5.87513
6.690076
5.61944
5.800005
6.659035
5.642106
5.961824
6.23896
5.585951
6.340345
5.84164
6.227004
5.927347
5.438768
5.250403
6.309731
6.428988
5.760661
5.414284
6.062536
5.746471
5.640793
6.794816
5.886105
6.415613
5.949757
6.394026
5.668406
5.607846
5.32664
5.55362
5.547533
5.692608
5.260666
6.508899
6.292903
5.230878
5.882289
5.685705
6.294384
5.632426
5.284097
6.503347
5.173551
6.297658
5.270882
5.945806
5.919944
6.030156
5.927274
5.653541
5.527893
5.973591
5.295066
6.224043
7.061681
6.10633
5.710881
5.123523
6.195965
5.677653
5.684829
5.498512
6.975924
6.883689
6.079659
5.900359
5.173702
5.017914
5.02467
5.213405
6.242971
5.222035
5.695893
5.484344
6.415404
6.212926
6.477614
6.120577
6.608006
7.748684
6.34846
5.611231
6.176295
5.909137
4.685343
5.792
5.352157
5.508443
6.180056
6.77172
5.8502
6.1866
5.705068
5.309054
5.84374
5.508436
5.953466
5.171785
5.972914
5.866452
6.513124
5.659714
5.344252
4.205848
6.118552
4.870557
5.831515
5.564191
5.468588
5.280017
5.603609
5.878095
5.366695
5.185766
5.728462
5.433927
5.85809
5.47145
5.079033
6.331569
6.446349
5.61944
6.100141
5.393568
6.018824
5.435415
5.122453
5.548501
6.21324
5.345397
5.63548
6.602209
5.979293
6.356965
5.678191
5.938129
5.811695
5.732778
5.728806
5.552282
5.626944
6.150707
5.731979
6.164007
5.921027
6.437576
6.37906
5.656989
5.925737
5.714283
5.783309
5.409347
5.427796
5.418008
4.961953
6.791894
5.264096
5.3835
6.105688
6.584096
5.46904
5.931336
6.455198
5.104435
5.458842
5.78745
5.646183
6.147604
5.70327
6.496965
5.713502
5.386241
6.312294
6.120577
4.739834
5.911609
5.795173
6.44661
6.326978
5.70591
6.210835
5.637492
5.819963
6.184208
5.59857
6.576489
6.132289
5.287819
6.063589
5.949642
6.444741
6.333886
5.585951
5.914831
6.861024
5.300478
5.876704
5.641964
5.947451
5.234379
5.532263
5.401195
6.170039
6.440433
6.137576
6.097195
5.565778
5.885484
6.29368
5.907513
6.541853
5.273541
5.629983
5.289923
6.167238
4.787464
6.361915
5.310585
6.464492
6.683872
6.073938
6.801369
6.362144
5.558791
5.927871
5.368027
5.005224
6.25538
5.191074
6.30912
5.800878
6.35179
4.796765
5.872375
5.886829
6.174548
5.286724
6.383995
6.150701
5.996564
5.991403
5.703413
5.205948
5.856559
5.294934
4.987328
6.873457
5.863353
5.259878
5.455221
5.666305
5.552128
5.458645
4.867442
5.423161
5.154661
6.407822
6.426543
5.488928
6.252659
5.502313
5.909742
6.05918
5.013386
6.699875
6.532017
5.743961
6.602966
6.91183
5.242899
6.609256
6.523374
5.839108
5.100064
5.531091
5.496826
4.584509
5.891396
5.917243
6.006466
6.162732
6.058647
5.155972
6.091591
6.62253
6.273972
5.388801
6.038842
5.963635
5.481523
5.356832
6.04915
5.254637
5.475269
6.677335
5.431132
5.578097
6.080679
5.684484
5.204145
6.493133
6.101391
5.504422
6.226189
6.919939
5.347223
4.720071
6.491312
6.394198
6.304197
6.193018
6.562443
6.075693
6.304572
5.011952
6.040649
5.745988
4.98288
5.663359
6.451207
6.791894
6.881686
5.087629
5.136226
5.601599
6.416407
6.072193
5.768788
5.435155
6.453367
5.234461
5.035373
6.045573
5.761325
6.577141
6.611228
5.85859
6.46133
6.147606
6.535068
6.076045
5.862163
5.718696
6.193783
6.034223
5.088402
5.338454
5.075856
6.268104
6.218278
6.287472
5.003899
5.575995
6.38927
5.397159
5.801282
5.885484
5.752267
4.990989
5.710492
5.314749
5.713502
6.366337
5.524114
6.588331
6.127306
6.137576
6.000769
6.536516
5.483565
6.510399
6.758908
6.418004
5.620561
5.262811
5.335821
5.812892
6.543943
6.226555
6.366713
6.024408
6.579039
5.967223
5.731979
4.87086
6.114273
6.868002
5.514562
6.3042
6.034333
5.51962
5.708204
5.649014
6.109988
6.488584
5.761949
5.645769
5.76012
5.377179
6.650694
5.189113
6.25662
5.922987
6.096717
5.755802
6.20758
5.038441
5.686937
5.754252
5.978378
5.748615
5.032348
6.040617
5.043881
6.246718
5.696328
5.681514
5.185951
6.006716
4.913929
5.341328
6.244688
5.673588
7.052391
5.822625
4.838779
5.76917
4.805033
5.586144
5.717759
5.391688
5.772146
5.2049
5.669354
5.812472
5.764146
6.483003
5.416426
5.355681
5.763314
5.066544
5.663949
5.501848
5.854265
5.005623
5.716385
6.116083
5.500092
5.294635
5.722366
4.716956
5.843454
5.975471
5.344181
5.738566
6.063293
5.491254
6.071773
5.746036
5.844754
6.706716
5.672589
6.398774
5.780071
5.113341
5.843544
6.5279
6.419138
6.018881
5.834231
5.920601
4.259035
6.027358
5.899779
5.441126
5.105084
5.011995
5.573225
6.34568
5.52888
5.182366
5.598287
6.496724
4.904384
6.134034
6.214907
7.128182
5.677746
5.367119
4.478879
5.826949
5.141209
5.565086
4.674214
5.846772
6.018531
5.342928
5.588786
5.510702
6.401597
6.46923
6.207426
6.919891
6.564874
5.339352
6.38831
5.90365
6.287132
6.034116
4.919923
5.141158
5.593172
5.201957
6.539769
5.891275
5.647123
6.688454
5.562087
5.866156
6.258076
6.716346
6.035266
5.484621
6.207611
7.126927
6.496829
5.518204
5.239347
6.990526
5.676928
5.650308
5.882391
5.213277
6.179982
5.648264
6.22479
5.403451
6.544564
5.887432
5.644604
5.688109
4.947447
4.9642
5.829489
6.221547
5.628443
4.746138
5.716332
5.322411
5.747298
6.167906
5.30677
5.582781
6.33465
6.499296
5.735632
5.880424
5.455894
5.446487
5.91619
5.337495
5.290422
5.863243
5.761688
6.168548
6.266095
5.395033
5.798087
5.908391
5.742072
6.453202
6.090311
5.480662
5.914753
6.867836
6.603279
6.188081
5.575671
5.931091
5.427187
5.37767
5.695876
5.688532
5.287205
6.760302
6.420913
6.857606
5.178701
6.64037
5.277362
6.686397
6.021031
5.713502
6.06346
6.132693
5.358002
5.590798
5.216948
5.87403
5.645787
5.364752
5.88232
5.033709
6.49224
5.429997
5.138732
5.953
5.142483
6.537742
5.793372
5.931226
5.443995
5.916487
6.295245
6.200856
5.917418
5.172045
5.125952
5.581954
5.74526
6.417139
4.960737
