6.453408
6.057097
5.979864
5.71871
5.677354
6.062358
5.872041
4.874334
5.394408
6.611502
6.611191
6.271238
5.363111
6.436813
5.721416
6.658457
5.482913
5.147327
5.821344
6.079652
5.4758
6.320963
5.374314
6.591939
4.899294
5.557689
5.371452
6.516834
6.151059
5.74745
4.923759
5.4556
5.633764
6.37815
5.63881
6.616895
6.489505
6.244253
5.956955
6.381501
6.065313
5.867858
5.803475
5.309774
5.218644
6.312052
5.848736
6.308653
5.868088
5.687011
5.709483
6.125331
5.87627
6.075407
5.659089
5.568577
5.605678
5.656193
6.0288
5.838527
4.494097
6.200205
5.290164
6.092893
5.686088
5.308616
5.311776
5.499005
6.021628
5.409343
5.224202
5.554102
5.382364
6.061212
5.78807
5.398229
5.52143
5.079274
5.464641
6.688897
6.087627
5.209514
5.63376
6.238998
6.297379
5.753548
4.76118
5.215272
6.598967
5.370991
5.630701
6.441005
5.622834
6.620539
5.917183
5.697989
6.215965
6.163378
6.114602
5.733226
5.870747
6.579103
5.110951
6.250564
5.278783
5.486337
6.619197
5.694594
6.516845
5.566451
6.212577
5.707796
6.000622
4.785609
6.133773
5.341714
5.758325
5.448603
6.332957
5.793662
5.646692
6.079151
6.634478
5.980818
5.645027
6.160563
5.876439
5.990264
6.414496
5.547503
6.221849
5.816268
6.908566
6.083775
5.520289
5.425657
6.034466
5.314364
5.98417
5.902454
5.08233
6.47434
6.018218
5.726953
5.378825
5.497554
5.787072
4.990722
5.276238
5.697819
5.874636
5.37755
5.299126
5.554102
6.41284
6.263357
5.8369
5.699196
5.800824
5.454694
5.489854
6.802037
5.121454
5.90211
4.739921
5.028339
5.409915
6.100554
5.909569
5.714325
5.698408
6.734316
5.703463
4.952125
5.758478
6.237983
5.095311
6.11778
5.79791
6.078282
5.979864
5.857391
6.093509
5.66708
6.045046
5.39984
5.365646
6.078658
6.758405
5.952955
5.565758
6.358261
5.437398
6.319594
5.907338
6.372019
5.658744
5.860733
6.154894
6.154894
5.285297
5.474392
5.750985
6.122033
6.596482
5.229703
6.080266
5.38561
5.502669
5.307348
6.206404
6.474522
6.434552
5.072539
6.639735
6.158445
6.061461
5.528621
6.306072
6.318741
5.880685
6.755145
5.954462
5.841306
5.881834
5.601309
6.237875
5.485837
4.91737
5.424214
5.312679
5.803551
6.947308
5.853468
5.146489
5.879924
6.20479
5.584581
4.975208
5.226336
6.17781
5.931029
5.963353
5.777926
4.912616
5.184338
5.437702
5.09896
6.483045
5.295461
5.652756
5.454362
6.548085
6.128189
6.570026
5.717588
6.180282
5.683399
5.422702
6.284208
5.313526
5.603464
6.921015
5.569796
6.038017
5.765903
5.521876
6.153933
6.057402
5.103639
5.454039
6.316039
6.681483
5.614327
5.636444
5.18508
6.222855
5.452413
6.057472
6.5731
5.777375
5.544442
6.670983
5.283
5.556795
4.543197
5.632666
6.188541
6.275279
5.501131
5.10807
6.937765
6.327808
5.551435
5.482943
5.846595
5.822353
5.459887
5.524486
5.978697
5.743211
5.723072
6.586339
6.172129
6.742999
5.330094
6.507255
5.193424
5.800709
6.069369
5.674673
5.687011
5.241725
6.371738
6.025183
6.25679
6.286663
5.265285
6.349661
5.557385
5.939024
6.72206
5.44938
6.157793
6.303564
6.025055
5.387104
5.13874
5.737461
5.620603
6.316832
6.056402
6.280676
6.302902
6.633032
5.710051
6.674825
5.653681
5.782888
6.208675
4.450075
5.322616
5.708389
6.387294
5.808046
5.455387
6.500491
5.391203
6.033396
5.939024
5.307752
6.053776
5.099652
5.197151
5.556922
6.151113
6.451398
5.639203
5.961297
5.649461
6.34623
6.559787
6.677093
5.71065
5.761445
5.758325
5.572279
5.710586
5.747062
5.686657
5.847059
5.268463
7.304137
6.21174
6.418412
6.081429
5.850543
5.673312
6.917735
5.940038
6.477525
5.584585
6.368056
6.542221
6.313148
6.220026
5.672492
6.062485
6.828135
4.739731
6.01321
5.886668
5.012161
5.940162
5.599691
5.810705
5.571938
6.854588
5.669504
5.268087
6.33733
5.111636
4.619242
5.5211
6.379211
5.196102
5.826653
5.263863
6.520729
5.95583
6.450699
6.755255
6.428964
5.696719
5.363111
5.859612
5.268342
5.798142
6.156764
5.939605
5.571938
5.393175
5.503929
5.913727
5.852818
4.900442
5.305106
5.787072
6.290454
4.827538
6.220773
5.375128
5.31348
5.796033
5.204269
5.765626
5.184972
5.709483
6.103246
6.308359
6.255276
5.984364
6.054969
5.572511
6.488816
5.824502
6.188298
5.391597
5.480454
4.765897
6.350623
6.592004
5.255478
5.099652
5.643912
6.043343
6.652165
5.037767
5.779278
5.98131
6.652661
5.924309
4.988001
6.362007
5.750855
5.499995
6.477767
6.09257
5.697819
5.822949
5.668992
5.29233
5.103097
5.978393
6.036595
5.657339
5.560316
4.85258
4.840276
4.530125
5.669504
5.643912
5.728224
6.0897
6.634478
5.78073
6.088226
5.038524
6.355329
6.737999
6.282884
5.821124
5.505693
6.346897
6.731801
6.016337
5.479169
6.115642
5.189232
6.184825
5.563118
5.178767
5.191629
5.565503
5.267845
4.033206
5.301749
6.317052
5.389482
5.332911
5.161532
5.894173
6.387872
5.813718
6.283677
5.640679
5.217869
5.538364
6.348507
6.088468
6.415006
5.815932
5.534908
6.371845
6.435739
6.292382
5.049388
5.811532
5.057704
5.601254
5.69641
6.134041
5.423178
5.786442
5.533769
5.778675
5.884232
5.082585
6.362007
6.163374
4.982906
5.635343
5.916625
6.330781
6.577426
5.696719
6.594561
5.150182
5.066609
5.671448
5.306291
5.375158
4.846385
5.925996
6.104914
6.051348
5.696551
6.065247
5.794696
5.739027
5.921309
5.4758
5.818738
6.048236
4.714721
5.794235
5.83908
5.55579
6.110382
5.563205
5.977822
5.840782
5.140071
5.466571
5.627255
4.916243
5.354215
5.394289
6.533653
6.062485
5.226225
5.501131
6.125662
5.365465
6.344639
5.50128
6.319422
4.963866
5.576648
6.195407
6.915697
4.626564
5.371725
6.264791
6.021611
5.734557
6.692226
6.152846
5.915169
5.619402
5.924582
5.392332
5.020753
6.302652
5.723984
6.153473
6.071218
6.389896
5.996427
6.569673
5.08929
5.711404
5.413525
4.93118
5.444583
5.258368
5.215552
5.255478
6.766564
5.922747
5.197821
5.682682
5.592727
6.187666
5.722852
6.198018
6.734307
5.204269
5.658119
4.83427
5.311548
6.517493
5.676577
6.192425
5.635691
6.177362
5.773652
6.23394
5.22329
6.178108
5.02247
6.333316
5.929345
5.971708
5.647086
6.295572
5.758042
5.012161
6.103607
5.751994
6.284958
5.291366
5.09347
6.360238
5.863592
5.686417
5.762632
6.336381
5.043403
6.564445
6.723854
6.133822
6.31845
6.091817
6.078562
6.363851
5.882246
5.850543
5.684482
5.482852
5.694503
6.045231
5.323825
5.98412
5.836185
5.944542
6.416987
6.08346
6.743859
5.584046
5.635267
6.578167
5.649974
5.860473
6.06667
5.486602
6.423698
5.719141
6.2555
6.145852
5.496607
5.208172
6.182805
6.457923
5.745333
5.045194
6.083775
5.707796
5.694121
6.675611
5.851037
6.433765
5.85712
6.395848
5.521259
5.691423
5.381277
5.355168
5.676592
5.684153
5.316625
6.396789
6.23117
5.217182
5.703233
5.693717
6.137582
5.54196
5.331717
6.316035
5.336959
6.246727
5.346596
5.811532
5.860057
6.02072
5.888688
5.508748
5.566452
5.868009
5.08539
6.294297
6.883245
6.074388
5.715537
5.195089
6.178796
5.643265
5.622459
5.419905
7.112107
6.80345
6.168611
5.643912
5.10573
5.12557
4.859253
5.241279
6.237085
5.171318
5.757093
5.407333
6.301437
6.237694
6.533251
6.270361
6.365174
7.014274
6.544038
5.746826
6.037086
5.983824
4.833931
5.779278
5.730608
5.576752
6.11649
6.916169
5.98131
6.090156
5.647646
5.478248
6.059443
5.692124
5.83902
5.396278
5.943018
5.857396
6.307538
5.74675
5.107236
4.406874
6.137651
4.630024
6.031683
5.668214
5.558895
5.269326
5.623792
5.914846
5.452645
5.4004
5.707238
5.39007
5.83087
5.40442
5.233474
6.178348
6.607626
5.584046
6.031455
5.512348
6.039464
5.402112
5.370116
5.447449
6.175652
5.368139
5.666367
6.782926
5.864855
6.33239
5.707264
6.043343
5.807082
5.651936
5.68034
5.484668
5.630025
6.445372
5.497121
5.936337
5.979819
6.414555
6.548378
5.46053
5.911101
5.61216
5.909841
5.280588
5.450905
5.471565
5.054972
6.744191
5.288133
5.18176
6.139578
6.443588
5.39664
6.467662
6.45866
5.241725
5.769281
5.777819
5.799155
6.188819
5.866411
6.424352
5.667028
5.532486
6.196688
6.270361
4.592517
5.927736
5.763996
6.35716
6.208327
5.904822
6.026852
5.778518
5.718903
6.281523
5.405495
6.360426
6.053573
5.860075
6.3819
5.868621
6.119354
6.517376
5.486602
5.949359
6.741843
5.115882
5.599293
5.621904
5.880627
5.417448
5.436891
5.376891
6.303596
6.416987
6.081912
6.101672
5.682169
5.892504
6.272971
5.722533
6.475329
5.445789
5.989842
5.35736
6.347437
4.975463
6.362045
5.368779
6.351675
6.687773
6.204941
6.804448
6.348133
5.57457
6.1199
5.314662
5.160145
6.230619
5.204198
6.209122
5.697845
6.699474
4.811044
5.78149
5.936009
6.073701
5.415212
6.474902
5.9488
6.09804
6.078828
5.702713
5.276238
5.80632
5.303363
4.911346
7.151155
5.757332
5.33878
5.450886
5.802972
5.545383
5.471239
5.112046
5.356319
5.283021
6.410943
6.630408
5.401209
6.248295
5.498994
6.008014
6.134346
4.908228
6.652988
6.570944
5.66155
6.584718
6.549399
5.276167
6.579766
6.486281
5.681909
5.114054
5.530911
5.444177
5.175374
5.661202
6.041753
5.87627
6.157875
5.976131
5.152465
6.106019
6.583347
6.26187
5.291885
6.348173
6.0621
5.469215
5.332732
5.998746
5.347859
5.648246
6.814756
5.255231
5.417047
6.140691
5.466018
5.311031
6.42269
6.115604
5.782888
6.162908
6.69915
5.254309
4.828272
6.657936
6.504235
6.38988
6.206707
6.477525
6.088389
6.320963
5.210336
5.854518
5.792285
4.99934
5.611247
6.329313
6.744191
6.630902
5.171962
5.186594
5.463436
6.375261
5.956988
5.791949
5.387139
6.548478
5.499995
4.929332
5.973202
5.584401
6.363851
6.581775
5.829542
6.347799
6.209734
6.41467
5.956476
5.804503
5.758705
6.035659
5.89058
5.346245
5.231588
5.080284
6.44249
5.966888
6.32419
4.963635
5.517971
6.554536
5.345538
5.931518
5.892504
5.819087
5.066069
5.660157
5.2652
5.667028
6.324186
5.552976
6.367919
6.251301
6.081912
5.989334
6.413114
5.46214
6.474971
6.649782
6.193468
5.561076
5.11301
5.235091
6.033782
6.556655
6.13642
6.291955
5.810705
6.319261
5.861928
5.497121
5.176918
5.925346
6.75171
5.570963
6.240087
6.053324
5.464427
5.712456
5.62973
6.190766
6.579772
5.619502
5.536265
5.688774
5.281909
6.485575
5.143301
6.174486
5.958393
5.991494
5.684006
6.620594
5.165302
5.502287
5.676799
6.084152
5.720066
5.118627
6.239278
5.154459
6.229273
5.670429
5.636181
5.005181
6.014009
5.023545
5.389202
6.20292
5.631659
6.911429
5.803887
4.900818
5.877725
5.151105
5.803026
5.732529
5.335943
5.586965
5.244017
5.632474
5.819857
5.502361
6.43844
5.349296
5.345045
5.629349
4.891052
5.883613
5.230486
5.886021
5.088081
5.932042
6.273179
5.5663
5.552037
5.696247
4.935954
6.506925
5.991993
4.992823
5.749962
5.930748
5.451926
5.956379
5.814881
5.773666
6.395149
5.909943
6.367984
5.67135
5.161686
5.764521
6.516845
6.231222
6.053946
5.737615
5.974757
4.51355
6.094213
5.966005
5.404147
5.15289
5.10886
5.359435
6.649055
5.504448
5.274824
5.488216
6.315268
4.950059
6.031278
6.141631
6.937438
5.760196
5.279192
4.483098
5.710586
5.464394
5.412198
4.888189
5.581201
6.015337
5.454894
5.450277
5.636131
6.748688
6.42284
6.112452
6.851631
6.736831
5.627215
6.624949
5.969894
6.203821
6.16492
5.043402
5.25583
5.552125
5.178989
6.410609
5.818976
5.782078
6.56701
5.792321
5.863592
6.164887
6.857818
6.01321
5.396633
6.216709
7.082877
6.365117
5.529184
5.348992
6.815064
5.744232
5.652874
5.867286
5.359783
6.118259
5.583839
6.080536
5.360771
6.407962
5.914989
5.578847
5.661057
5.052163
4.691592
5.866746
6.029821
5.840522
4.624583
5.622409
5.552658
5.814855
6.206926
5.261665
5.568787
6.089594
6.419498
5.644015
5.818481
5.541646
5.525181
6.039028
5.212214
5.334363
5.873344
5.65301
6.185488
6.144429
5.428001
5.578092
5.747366
5.695508
6.215011
6.12793
5.488701
5.890561
6.80277
6.575191
6.170558
5.656193
6.033899
5.505146
5.339837
5.956119
5.859513
5.352762
6.745904
6.333485
6.696731
5.173773
6.51851
5.321653
6.452854
6.002829
5.667028
6.226289
6.170007
5.28854
5.863403
5.225023
5.810145
5.740979
5.699844
5.870481
5.372072
6.547978
5.454673
5.182045
5.849258
5.09896
6.214721
5.714984
6.035315
5.409753
6.008119
6.069369
6.273283
5.953929
5.21568
5.374869
5.555109
5.877783
6.231863
5.175763
