6.452011
6.056706
5.979195
5.717547
5.676154
6.062844
5.870063
4.874995
5.395572
6.612468
6.611185
6.27169
5.363432
6.437079
5.721333
6.658327
5.483813
5.147975
5.820744
6.078719
5.475497
6.322469
5.37402
6.59563
4.898147
5.558194
5.368713
6.515343
6.151945
5.747861
4.923373
5.455022
5.634072
6.377677
5.638746
6.617401
6.490432
6.244958
5.956643
6.380088
6.065673
5.868291
5.803473
5.310353
5.216817
6.313906
5.850354
6.308107
5.868505
5.687721
5.710994
6.126125
5.876281
6.074952
5.658388
5.567774
5.603315
5.654283
6.029087
5.838545
4.49661
6.20095
5.291329
6.091274
5.686877
5.308218
5.310996
5.496918
6.020248
5.40913
5.225327
5.554056
5.383148
6.062045
5.786536
5.398157
5.521656
5.07764
5.465262
6.687887
6.08515
5.209592
5.632813
6.239701
6.298615
5.755071
4.761168
5.213572
6.60001
5.370989
5.630699
6.440389
5.622415
6.622239
5.916631
5.697299
6.216481
6.166031
6.114337
5.734147
5.87073
6.579541
5.111024
6.250619
5.279467
5.485999
6.619057
5.695877
6.516432
5.566428
6.213124
5.706616
6.000487
4.785046
6.132411
5.341906
5.758596
5.449158
6.332249
5.794618
5.646488
6.079237
6.633812
5.980753
5.648108
6.161278
5.878014
5.987738
6.415313
5.547161
6.222021
5.815334
6.908589
6.083844
5.520557
5.425403
6.033839
5.313718
5.984944
5.902115
5.081939
6.474585
6.018986
5.727625
5.379504
5.497081
5.786962
4.992403
5.275265
5.699213
5.874927
5.375963
5.298497
5.554056
6.412518
6.26315
5.837643
5.700223
5.800239
5.454961
5.488139
6.803064
5.120486
5.901914
4.739691
5.028387
5.40726
6.099443
5.909365
5.715249
5.698837
6.736061
5.703744
4.954473
5.757201
6.237344
5.096307
6.117732
5.798185
6.078111
5.979195
5.857534
6.09377
5.667742
6.04513
5.398891
5.365254
6.079738
6.758423
5.953758
5.568371
6.358396
5.437047
6.319284
5.908575
6.371616
5.657007
5.863131
6.154261
6.154261
5.284516
5.474977
5.750634
6.121993
6.596857
5.228901
6.081225
5.384646
5.501042
5.306812
6.206078
6.474119
6.433609
5.072854
6.639782
6.15745
6.061189
5.528452
6.305683
6.318597
5.884554
6.755613
5.954474
5.840584
5.882673
5.600345
6.237445
5.486267
4.921384
5.42337
5.312577
5.803112
6.946756
5.854334
5.145581
5.878789
6.203731
5.581203
4.974558
5.226483
6.178837
5.932742
5.963271
5.777714
4.91425
5.184411
5.437454
5.09816
6.483632
5.294896
5.651549
5.454488
6.54767
6.128869
6.571036
5.716972
6.180363
5.683455
5.42242
6.285282
5.307769
5.602483
6.921812
5.569449
6.037345
5.765457
5.521024
6.153126
6.057659
5.10546
5.453411
6.316644
6.683411
5.614506
5.634298
5.186501
6.223833
5.451531
6.059037
6.573387
5.77826
5.544743
6.670169
5.282005
5.555975
4.541745
5.631678
6.189747
6.274737
5.501372
5.108813
6.936658
6.327734
5.552839
5.482059
5.846911
5.824117
5.458235
5.523523
5.979497
5.742779
5.722085
6.586488
6.171704
6.74254
5.330476
6.507947
5.193162
5.799358
6.074726
5.674373
5.687721
5.240922
6.371545
6.025052
6.256774
6.286535
5.265625
6.348391
5.559247
5.938741
6.723639
5.449526
6.157425
6.300883
6.024944
5.385166
5.138801
5.737891
5.619767
6.317207
6.056683
6.28056
6.303425
6.63233
5.709783
6.675234
5.653892
5.782892
6.209192
4.450411
5.321315
5.708859
6.387007
5.806536
5.45436
6.500241
5.391344
6.032826
5.938741
5.307677
6.054638
5.097447
5.197046
5.55682
6.150811
6.452147
5.639619
5.959928
5.649063
6.347261
6.560611
6.67683
5.71124
5.762466
5.758596
5.572387
5.711083
5.747727
5.687228
5.846683
5.266474
7.303711
6.21301
6.419579
6.082248
5.850256
5.672796
6.918302
5.941467
6.478017
5.584495
6.367768
6.541505
6.312233
6.220566
5.672914
6.061823
6.827457
4.741445
6.013629
5.886164
5.01292
5.939861
5.600503
5.810164
5.571955
6.854942
5.669988
5.268695
6.335999
5.110422
4.619922
5.521592
6.379575
5.194402
5.826715
5.261866
6.520612
5.954917
6.451243
6.755105
6.430044
5.697513
5.363432
5.857629
5.268216
5.798377
6.153769
5.939516
5.571955
5.392528
5.503041
5.913699
5.853659
4.900999
5.304632
5.788923
6.290039
4.82834
6.222037
5.374527
5.311475
5.79652
5.20501
5.76534
5.184402
5.710994
6.103969
6.309238
6.2563
5.982211
6.054925
5.571637
6.489113
5.824326
6.188585
5.392281
5.48025
4.767128
6.350408
6.592625
5.255814
5.097447
5.644041
6.041383
6.652475
5.036549
5.779195
5.982292
6.652546
5.924924
4.987926
6.36203
5.75156
5.500125
6.47946
6.091076
5.699213
5.82321
5.669574
5.290883
5.102251
5.978626
6.037393
5.657507
5.559751
4.852076
4.842618
4.531539
5.669988
5.644041
5.728358
6.089385
6.633812
5.780516
6.087403
5.038955
6.356044
6.740178
6.282131
5.821294
5.50643
6.346852
6.732118
6.015514
5.478537
6.117225
5.189365
6.184659
5.564648
5.179166
5.192109
5.564068
5.269593
4.034884
5.300908
6.316816
5.39121
5.331949
5.162098
5.893459
6.388783
5.814802
6.284362
5.640146
5.216378
5.537639
6.347725
6.086832
6.414778
5.816209
5.534541
6.372093
6.437915
6.292225
5.046988
5.811785
5.057282
5.599484
5.696316
6.133469
5.423473
5.784307
5.533661
5.778188
5.882808
5.081643
6.36203
6.165634
4.982462
5.635717
5.916196
6.331077
6.576728
5.697513
6.595085
5.148452
5.067477
5.671045
5.306
5.375056
4.8467
5.926265
6.105298
6.051959
5.698531
6.064862
5.794496
5.738718
5.920633
5.475497
5.818267
6.047355
4.715166
5.795556
5.83969
5.555214
6.110549
5.562927
5.97623
5.840218
5.137997
5.466168
5.627208
4.917168
5.353555
5.394042
6.534
6.061823
5.225486
5.501372
6.1255
5.365332
6.344175
5.501749
6.320664
4.964064
5.577236
6.194903
6.916127
4.628778
5.371288
6.265083
6.021419
5.737636
6.693561
6.152729
5.916512
5.619627
5.924214
5.392364
5.020485
6.30371
5.72401
6.153349
6.071893
6.389998
5.996064
6.571191
5.092419
5.711898
5.414608
4.930307
5.443977
5.259368
5.214338
5.255814
6.766127
5.922364
5.200106
5.681617
5.592944
6.188477
5.720792
6.196755
6.733916
5.20501
5.658296
4.834783
5.310229
6.518491
5.678067
6.192183
5.636341
6.177713
5.772932
6.233395
5.223705
6.178409
5.021313
6.334193
5.928751
5.970786
5.647643
6.29488
5.758926
5.01292
6.10505
5.752711
6.282957
5.291019
5.092062
6.36174
5.864055
5.685231
5.762481
6.335784
5.041947
6.564544
6.724521
6.134282
6.317489
6.092169
6.077366
6.36386
5.883227
5.850256
5.684727
5.48283
5.694257
6.04592
5.323972
5.985975
5.836826
5.945763
6.417722
6.083285
6.743888
5.584728
5.634055
6.578767
5.650363
5.859347
6.067699
5.485831
6.423358
5.718304
6.255308
6.146993
5.496418
5.208346
6.183105
6.455404
5.745809
5.044177
6.083844
5.706654
5.695069
6.675595
5.850912
6.434297
5.857652
6.395883
5.521671
5.691452
5.381174
5.35481
5.676594
5.684035
5.315222
6.396879
6.230188
5.216247
5.703095
5.694931
6.137614
5.54087
5.331734
6.31594
5.3363
6.247263
5.346595
5.811785
5.860115
6.021011
5.887542
5.508929
5.566744
5.86762
5.080666
6.294511
6.883145
6.074025
5.714327
5.195379
6.179118
5.641571
5.621297
5.418778
7.111759
6.803759
6.168244
5.644041
5.103492
5.12632
4.859869
5.240598
6.236373
5.172115
5.755249
5.406992
6.30201
6.239137
6.533242
6.269288
6.364846
7.014388
6.545675
5.749905
6.038763
5.982677
4.834124
5.779195
5.731595
5.575539
6.11651
6.916132
5.982292
6.090814
5.646547
5.478603
6.059792
5.692493
5.837599
5.395144
5.943975
5.857126
6.307279
5.746208
5.106265
4.406849
6.138938
4.630522
6.029902
5.668145
5.558303
5.269432
5.62319
5.917102
5.452738
5.399398
5.707913
5.390526
5.831511
5.404299
5.233684
6.180152
6.608122
5.584728
6.032172
5.512716
6.039597
5.401481
5.368022
5.445811
6.17616
5.367315
5.664906
6.78289
5.864154
6.332375
5.705236
6.041383
5.805595
5.65117
5.681648
5.48424
5.630161
6.444726
5.497808
5.935163
5.98026
6.414645
6.551899
5.459874
5.911345
5.612824
5.909789
5.279343
5.449737
5.471397
5.055183
6.745323
5.289173
5.181635
6.140672
6.443426
5.396973
6.468881
6.459473
5.240922
5.768585
5.777669
5.79851
6.189327
5.866289
6.425291
5.6666
5.535854
6.197391
6.269288
4.593637
5.927027
5.76384
6.358408
6.208212
5.905903
6.027477
5.780822
5.718617
6.281927
5.405968
6.359752
6.053027
5.860708
6.382475
5.86991
6.118716
6.517325
5.485831
5.950604
6.742624
5.114576
5.599925
5.624239
5.8807
5.417349
5.437265
5.375946
6.3007
6.417722
6.082372
6.101093
5.68195
5.892031
6.273453
5.721458
6.474818
5.445645
5.991546
5.357875
6.347408
4.975637
6.365121
5.369357
6.351391
6.690419
6.204092
6.804938
6.347299
5.57432
6.120211
5.314351
5.160549
6.230264
5.20464
6.208783
5.696598
6.699236
4.81015
5.781947
5.935771
6.074769
5.413753
6.476364
5.952049
6.099466
6.078213
5.701589
5.275265
5.806137
5.302562
4.91122
7.150773
5.756676
5.338859
5.450545
5.802817
5.546545
5.471973
5.110695
5.35604
5.281846
6.412424
6.630512
5.401308
6.24909
5.499587
6.008153
6.134296
4.908782
6.65368
6.571687
5.660567
6.580073
6.548578
5.277089
6.579367
6.487795
5.683973
5.113383
5.530712
5.444769
5.174553
5.660282
6.041092
5.876281
6.157758
5.974466
5.15229
6.106221
6.584347
6.262422
5.290422
6.347463
6.062374
5.46903
5.332676
5.998378
5.348426
5.647079
6.814431
5.254246
5.415089
6.141143
5.465101
5.309909
6.422124
6.115544
5.782892
6.162896
6.698237
5.254007
4.828659
6.657398
6.504224
6.390882
6.207862
6.478017
6.086746
6.322469
5.21019
5.853173
5.79136
4.998338
5.611287
6.329726
6.745323
6.633131
5.17084
5.187438
5.465579
6.374063
5.957356
5.792251
5.385688
6.548578
5.500125
4.929498
5.974432
5.584647
6.36386
6.580814
5.83031
6.348669
6.208193
6.415777
5.956267
5.803999
5.758228
6.03762
5.88798
5.348632
5.230801
5.080697
6.444103
5.969583
6.325101
4.965246
5.517894
6.555021
5.34526
5.932143
5.892031
5.819675
5.0669
5.659339
5.263858
5.6666
6.325375
5.554064
6.368273
6.25244
6.082372
5.990588
6.414948
5.462048
6.474965
6.650688
6.193792
5.561063
5.111173
5.234384
6.033249
6.558034
6.135976
6.291808
5.810164
6.318844
5.86311
5.497808
5.176952
5.925349
6.75196
5.570134
6.238125
6.052638
5.463573
5.711056
5.628254
6.192392
6.579632
5.619204
5.536447
5.689007
5.280823
6.486189
5.144075
6.174431
5.959074
5.993595
5.684235
6.624875
5.165523
5.502915
5.676574
6.083139
5.719192
5.119271
6.23889
5.153431
6.228688
5.671133
5.636918
5.004422
6.01367
5.024204
5.389344
6.201886
5.631709
6.909656
5.80377
4.90188
5.878282
5.151528
5.803584
5.732791
5.33514
5.588018
5.243346
5.632733
5.82061
5.503929
6.439166
5.348636
5.344466
5.63031
4.89208
5.883802
5.229612
5.886468
5.088423
5.932772
6.272884
5.564696
5.549795
5.697778
4.933766
6.517738
5.990474
4.994415
5.749492
5.931312
5.451684
5.953962
5.814262
5.774907
6.39539
5.909257
6.368798
5.671436
5.161466
5.765926
6.516432
6.231484
6.052363
5.738411
5.975584
4.513943
6.094965
5.965299
5.403698
5.151984
5.107842
5.358164
6.648848
5.502836
5.274369
5.487512
6.315599
4.949734
6.03064
6.141437
6.936426
5.760142
5.27917
4.48634
5.711083
5.465255
5.411683
4.889749
5.579517
6.015819
5.455518
5.451601
5.635426
6.750444
6.424052
6.110932
6.851718
6.737344
5.626948
6.624434
5.969542
6.204752
6.166397
5.043688
5.256427
5.552447
5.180002
6.410805
5.817838
5.782304
6.567015
5.7918
5.864055
6.165378
6.858068
6.013629
5.396573
6.216002
7.083116
6.365141
5.528392
5.349072
6.815411
5.743785
5.651025
5.86745
5.35909
6.117859
5.582929
6.079174
5.35979
6.408115
5.914354
5.578757
5.660385
5.052459
4.691637
5.86646
6.031726
5.841569
4.626802
5.622014
5.551201
5.815055
6.207812
5.260287
5.56921
6.089769
6.420671
5.643488
5.818864
5.541075
5.52427
6.038395
5.213396
5.334274
5.872796
5.651924
6.185279
6.143595
5.427874
5.579788
5.747058
5.697995
6.213767
6.12824
5.490457
5.891161
6.804164
6.57403
6.170265
5.654283
6.033851
5.506225
5.340084
5.95384
5.85783
5.353183
6.745539
6.334132
6.696799
5.173801
6.518249
5.319594
6.453469
6.002043
5.6666
6.225679
6.169663
5.288664
5.862948
5.225045
5.809551
5.742268
5.701091
5.869629
5.371941
6.547922
5.455258
5.1817
5.848112
5.09816
6.214912
5.714266
6.03484
5.41119
6.008923
6.074726
6.273599
5.952643
5.215591
5.373707
5.554287
5.875497
6.233159
5.17593
