6.312188
6.116484
6.039238
5.692193
5.67718
6.104415
5.88688
4.944211
5.476165
6.877493
6.361854
6.403073
5.385351
6.245719
5.856206
6.80932
5.487249
5.17393
5.948432
5.992477
5.538372
6.28839
5.621584
6.513747
4.926251
5.630136
5.242149
6.546567
6.053128
5.749756
5.013075
5.361626
5.867996
6.395706
5.655475
6.589656
6.484804
6.134682
5.567933
6.535216
5.943196
5.896032
5.7645
5.467325
5.33897
6.475943
5.646005
6.327585
5.928657
5.6309
5.762293
5.952103
5.947334
5.992846
5.861448
5.662207
5.394465
5.603712
6.063288
5.81632
4.606298
6.28469
5.333195
6.27004
5.604688
5.392531
5.284165
5.483761
6.191836
5.465936
5.164433
5.651569
5.36364
6.086837
5.669338
5.440075
5.336446
5.167342
5.456863
6.654079
5.922173
5.19748
5.578865
6.309107
6.304668
5.875901
4.63955
5.33833
6.75363
5.396379
5.545216
6.671767
5.605659
6.616559
6.011659
5.584811
6.062832
6.103765
6.137242
5.735794
5.757944
6.45458
5.046574
6.306399
5.198062
5.526004
6.465025
5.606275
6.518302
5.617249
6.286107
5.78125
6.080441
4.825144
6.034678
5.361159
5.758137
5.4491
6.343136
5.544642
5.73708
6.156331
6.696876
5.962574
5.667219
6.082947
5.801888
6.090021
6.397765
5.48999
6.091981
5.888921
6.763282
6.095575
5.588742
5.437867
6.17831
5.397228
6.087999
5.841124
5.136946
6.528219
5.965174
5.717964
5.190647
5.386201
5.821403
5.010366
5.246433
5.751053
5.902058
5.446037
5.35524
5.651569
6.230664
6.32831
5.726367
5.576163
5.460809
5.610249
5.545188
6.856216
5.158691
5.958
4.514169
4.759478
5.365487
5.954444
5.904836
5.661564
5.679775
6.61769
5.593581
5.003526
5.503617
6.279452
5.108152
5.932624
5.69698
6.120706
6.039238
5.922186
6.108126
5.527522
6.124367
5.351813
5.310118
6.073174
6.874696
5.605327
5.618696
6.284768
5.477107
6.309962
5.791144
6.303907
5.554514
5.732623
6.245436
6.245436
5.315063
5.373812
5.742907
6.113901
6.648141
5.302925
6.210368
5.509984
5.594783
5.33651
6.282196
6.484115
6.659601
5.035884
6.692334
6.229747
6.119598
5.456319
6.210603
6.363695
5.813903
6.856538
5.597518
5.879959
5.629716
5.638388
6.275636
5.539153
4.936016
5.597149
5.444356
5.787463
6.988962
5.820014
5.109101
5.989884
6.319297
5.451614
4.984765
5.182731
6.300509
5.880724
5.875232
5.971066
5.040996
5.15756
5.498103
5.123453
6.475243
5.370285
5.672178
5.487851
6.448985
6.128281
6.713509
5.707155
6.163023
5.747039
5.457756
6.228751
5.726249
5.68213
6.751063
5.607395
6.027667
5.769355
5.510096
6.187558
6.001151
5.112625
5.41995
6.11136
6.680041
5.533886
5.764771
5.320059
6.049539
5.583063
5.850831
6.663209
5.886159
5.570332
6.733412
5.327104
5.572046
4.786185
5.613543
5.706139
6.315239
5.588626
4.7084
6.630595
6.371804
5.496737
5.417095
5.611214
5.833119
5.572419
5.609177
5.958564
5.618906
5.780439
6.693842
6.182861
6.484086
5.331785
6.357801
5.18633
5.777742
6.129676
5.692079
5.6309
5.120018
6.504289
6.077362
6.221176
6.299064
5.144643
6.370411
5.455792
6.011505
6.723701
5.381768
6.101938
6.513554
5.998487
5.191823
5.146424
5.713794
5.524497
6.364881
5.969222
6.280422
6.325112
6.701134
5.734022
6.649709
5.668544
5.538365
6.242318
4.330726
5.366303
5.785719
5.98183
5.885984
5.487494
6.593534
5.44625
6.0141
6.011505
5.322913
6.112455
5.1705
5.158159
5.582978
6.141988
6.55503
5.674861
5.982102
5.695845
6.305189
6.700198
6.861281
5.832708
5.895425
5.758137
5.606724
5.76444
5.801386
5.686768
5.970295
5.307198
7.111231
6.189133
6.64118
6.157139
5.842379
5.730156
7.198765
5.929084
6.530505
5.620458
6.378492
6.412567
6.302168
6.224042
5.598561
6.080765
6.86446
4.862353
6.028165
6.002927
5.020175
5.963292
5.617432
5.969305
5.624083
6.692869
5.682934
5.175933
6.436744
5.108486
4.728612
5.548236
6.44019
5.2955
5.857517
5.381261
6.627585
5.981129
6.507595
6.91197
6.442755
5.599266
5.385351
6.056359
5.437741
5.82978
6.277061
5.997832
5.624083
5.484137
5.40598
5.904102
5.763674
4.820343
5.243679
5.647108
6.280238
4.647936
6.25925
5.370862
5.337131
5.794366
5.239005
5.672908
5.327384
5.762293
6.017272
6.297294
6.373129
5.85825
6.164403
5.633386
6.553795
5.940053
6.056723
5.363554
5.665436
4.906976
6.299546
6.559567
5.295999
5.1705
5.836098
5.998653
6.62447
5.038663
5.766145
5.885299
6.657185
5.989233
4.988342
6.51993
5.778631
5.290127
6.15872
6.193202
5.751053
5.728093
5.667543
5.31713
5.034476
5.876395
5.845364
5.765807
5.787788
4.877083
5.051838
4.697614
5.682934
5.836098
5.803218
6.082759
6.696876
5.78493
6.152197
4.917583
6.427367
6.723486
6.346477
5.789431
5.530945
6.265599
6.523899
6.222513
5.528081
5.977785
5.137984
6.169916
5.485471
5.18105
5.196594
5.633073
5.063099
4.343655
5.168436
6.315803
5.372081
5.388041
5.203197
5.783631
6.515567
5.850487
6.372133
5.459342
5.287982
5.545259
6.28546
6.045089
6.388041
5.785129
5.600844
6.399676
6.146335
6.134569
4.866636
5.928745
5.085978
5.602959
5.698525
6.119766
5.467337
5.873708
5.545727
5.978397
5.904439
4.920564
6.51993
6.212394
4.968905
5.66675
5.958044
6.132931
6.547781
5.599266
6.550312
5.279873
5.065635
5.686253
5.379502
5.453857
4.897303
5.772861
6.241113
6.103465
5.67959
6.101179
5.928087
5.734675
6.040918
5.538372
5.858866
6.016359
4.616163
5.851394
5.77196
5.567124
6.044415
5.54298
6.003277
5.797344
5.098781
5.499688
5.55273
4.830335
5.419021
5.299166
6.5036
6.080765
5.183426
5.588626
6.098206
5.463346
6.452147
5.630175
6.384408
5.026041
5.480734
6.363938
6.97767
4.904386
5.463233
6.246245
6.054793
5.64468
6.74859
6.276712
6.010367
5.556897
5.951572
5.407465
5.128719
6.367759
5.584232
6.230864
6.081267
6.43389
6.001204
6.57393
5.176423
5.780668
5.351096
4.901161
5.491488
5.176361
5.175686
5.295999
6.758638
5.980652
5.189154
5.73735
5.603267
6.218006
5.867554
6.286682
6.638479
5.239005
5.700225
4.962825
5.344258
6.354897
5.716503
6.020998
5.626294
6.183686
5.799905
6.336572
5.21777
6.241741
5.021599
6.393373
5.742056
5.944354
5.72381
6.246162
5.748028
5.020175
6.113537
5.691838
6.317393
5.236786
5.181879
6.158
5.885853
5.742593
5.838834
6.44539
5.104901
6.687253
6.852669
6.005848
6.231217
6.15789
6.019467
6.428094
5.828298
5.842379
5.667451
5.518886
5.70946
6.115012
5.417315
6.102843
5.885186
5.90044
6.424451
5.916749
6.690559
5.589303
5.735501
6.558203
5.633445
5.955533
6.178351
5.573234
6.341162
5.801202
6.275327
5.871907
5.436483
5.214061
6.267842
6.436652
5.725481
5.353777
6.095575
5.734725
5.620522
6.809907
5.868752
6.395974
5.967943
6.412616
5.621107
5.659349
5.332805
5.503497
5.576852
5.679327
5.280698
6.434988
6.271685
5.241363
5.801973
5.672909
6.238804
5.618798
5.305764
6.454918
5.18673
6.267254
5.309583
5.928745
5.916084
5.926524
5.944972
5.608869
5.549363
5.879008
5.294434
6.201065
7.069581
6.123771
5.727741
5.112592
6.103988
5.68441
5.695976
5.48404
7.014604
6.867581
6.150514
5.836098
5.158636
5.028173
4.930612
5.201767
6.272146
5.157862
5.746692
5.454557
6.376057
6.221657
6.47131
6.190827
6.556868
7.423793
6.356905
5.617409
6.089459
5.9221
4.672254
5.766145
5.39232
5.517779
6.191267
6.77213
5.885299
6.135299
5.704053
5.382993
5.84593
5.533858
5.938666
5.239927
5.948991
5.861652
6.443845
5.725606
5.2751
4.359792
6.130601
4.8464
5.917795
5.615213
5.48556
5.253632
5.601562
5.845944
5.356363
5.239176
5.722327
5.418041
5.854183
5.503948
5.132962
6.207583
6.451215
5.589303
6.104101
5.422578
6.024237
5.442259
5.246463
5.567147
6.217179
5.361836
5.648932
6.697383
5.912799
6.339191
5.727852
5.998653
5.833022
5.72322
5.652283
5.539497
5.660915
6.283278
5.635888
6.10808
5.950575
6.429075
6.276191
5.626871
5.924739
5.674697
5.783886
5.39693
5.426677
5.469467
5.002952
6.784016
5.261172
5.331647
6.11637
6.555555
5.431909
5.991156
6.433316
5.120018
5.537321
5.810531
5.730499
6.161851
5.739405
6.474669
5.713985
5.300476
6.312992
6.190827
4.769445
5.948037
5.800213
6.392876
6.279162
5.725719
6.142806
5.608587
5.767652
6.030048
5.532203
6.594014
6.145504
5.386658
6.092013
5.897357
6.422914
6.377753
5.573234
5.902573
6.826876
5.179467
5.791227
5.583459
5.932376
5.244091
5.485256
5.425368
6.25957
6.424451
6.132012
6.120324
5.599535
5.883527
6.25769
5.822676
6.528935
5.36602
5.614862
5.297319
6.170839
4.817701
6.300669
5.312771
6.436438
6.667762
6.127484
6.794981
6.399997
5.553541
5.961776
5.345268
5.06253
6.288377
5.208953
6.291204
5.790485
6.379376
4.867615
5.850659
5.898642
6.127604
5.341244
6.401391
6.041625
5.976717
6.018314
5.696629
5.246433
5.835863
5.260957
5.010991
6.950227
5.832538
5.292909
5.46213
5.677636
5.546854
5.458784
4.964852
5.428808
5.208558
6.41544
6.445287
5.461893
6.284532
5.4838
5.956745
6.075539
4.986928
6.689628
6.580721
5.737894
6.666898
6.803871
5.227459
6.623468
6.532885
5.727334
5.129892
5.532409
5.475119
4.696006
5.868263
5.93567
5.947334
6.144034
6.074103
5.155951
6.101026
6.584833
6.259791
5.391639
6.133467
5.920246
5.430734
5.332736
6.057852
5.29415
5.521854
6.731118
5.342095
5.51428
6.07542
5.663489
5.235148
6.4713
6.145193
5.538365
6.198144
6.871616
5.329679
4.808503
6.578496
6.454905
6.381739
6.149492
6.530505
6.106664
6.28839
5.087048
6.001011
5.762396
4.986177
5.648423
6.424095
6.784016
6.77328
5.202094
5.103613
5.534807
6.395203
6.037679
5.799677
5.446891
6.502327
5.290127
4.994428
6.031793
5.710138
6.428094
6.644724
5.813181
6.394501
6.201072
6.439991
6.045285
5.813823
5.71952
6.111309
6.04216
5.067338
5.319817
5.056428
6.264606
6.164237
6.317908
4.991543
5.543019
6.414088
5.33075
5.806079
5.883527
5.769173
5.063317
5.709079
5.331073
5.713985
6.321467
5.501366
6.532309
6.129845
6.132012
5.959206
6.476549
5.468836
6.466645
6.717241
6.356015
5.600068
5.209104
5.315523
5.834932
6.517323
6.180363
6.366913
5.969305
6.513596
5.887945
5.635888
4.995708
6.07107
6.851219
5.550345
6.240617
6.034489
5.493583
5.740307
5.625746
6.131532
6.508264
5.701481
5.574258
5.741976
5.375025
6.590676
5.186486
6.236702
5.93776
5.987253
5.722846
6.245259
5.066854
5.624756
5.71848
6.022378
5.771045
5.136428
6.09858
5.167371
6.282137
5.632737
5.649453
5.120143
6.033507
4.988854
5.374572
6.230002
5.633182
6.979341
5.805233
4.874666
5.819659
4.902146
5.638188
5.738729
5.38637
5.704089
5.265794
5.649236
5.795753
5.662445
6.471263
5.402052
5.339988
5.726633
5.017066
5.685536
5.466299
5.850556
5.018274
5.730625
6.169598
5.541931
5.388498
5.723717
4.828295
5.970927
6.030389
5.3278
5.720382
6.01172
5.47628
6.03933
5.761766
5.807729
6.626656
5.754063
6.378829
5.737182
5.120641
5.805484
6.518302
6.376336
6.070337
5.760637
5.947076
4.430809
5.975728
5.921023
5.430924
5.119435
5.096478
5.518045
6.411991
5.530559
5.215415
5.590952
6.44725
4.947227
6.097067
6.186872
7.054598
5.691892
5.328804
4.652389
5.76444
5.176256
5.542274
4.764472
5.78274
6.009824
5.371605
5.568396
5.553093
6.471614
6.441433
6.163378
6.857724
6.561298
5.384342
6.421496
5.909428
6.288409
6.048018
5.015388
5.180344
5.575286
5.156929
6.514023
5.877632
5.61184
6.650376
5.583574
5.885853
6.236487
6.731279
6.028165
5.454763
6.230763
7.131034
6.505285
5.531927
5.29555
6.978229
5.729413
5.671891
5.870143
5.288163
6.184804
5.639395
6.147977
5.401944
6.526015
5.907036
5.64303
5.714628
4.991027
4.977749
5.82703
6.139657
5.672189
4.69717
5.686158
5.389767
5.784129
6.188763
5.327884
5.576184
6.117741
6.464253
5.736617
5.863175
5.470757
5.501587
5.933691
5.27278
5.277997
5.892484
5.769973
6.161294
6.221565
5.418055
5.733146
5.866331
5.700114
6.428551
6.069865
5.463502
5.923301
6.812884
6.646028
6.186025
5.603712
5.949189
5.41938
5.355646
5.779997
5.737595
5.330538
6.80852
6.380965
6.849757
5.141804
6.628022
5.334747
6.591743
6.030718
5.713985
6.11367
6.154929
5.324079
5.676158
5.23985
5.85277
5.640515
5.410518
5.879295
5.064082
6.567791
5.380765
5.191905
5.944445
5.123453
6.396469
5.773267
5.987285
5.40048
5.932263
6.129676
6.193869
5.958983
5.185183
5.201384
5.606274
5.796969
6.245819
4.988128
